camera_matrix:
- [547.1231874874131, 0.0, 431.93539847195194]
- [0.0, 540.2213798696415, 211.15918657259658]
- [0.0, 0.0, 1.0]
dist_coeff:
- [0.0030283747732010643, 0.042955883597876984, -0.019794320601806227, -0.002589372601262687,
  -0.08149889961556864]
ret: 0.5214041618202669
rvecs:
- - [-1.004329305315576]
  - [-0.615976083902985]
  - [-2.750933741016564]
- - [0.32654871203160535]
  - [-1.1071771152304364]
  - [2.8970937417881597]
- - [0.21045206446934445]
  - [-0.11883148037348201]
  - [0.10156881484176447]
- - [0.625665225319595]
  - [-0.7466798645108345]
  - [0.19827961523854004]
- - [-0.3829364693150582]
  - [0.26989537752636605]
  - [0.08492640367193068]
- - [0.26399991413126817]
  - [0.4888963586548042]
  - [0.04314312917729201]
- - [0.6559843434088436]
  - [-0.4009110724189037]
  - [0.1359658452504356]
- - [-1.4438052330641395]
  - [0.30683400084190265]
  - [-2.7362648022090363]
- - [0.719317544831065]
  - [-0.1189878945934649]
  - [0.06782237412540049]
- - [-0.6461287607662016]
  - [-0.5676988272186277]
  - [-0.13697221586275193]
- - [1.0472122837592603]
  - [-1.0009958765394746]
  - [2.487480734113161]
- - [-0.5031199222827503]
  - [-0.31062712843409857]
  - [-0.0320199117007671]
- - [-0.37065857033469435]
  - [-0.06483303345911734]
  - [0.043844171807716756]
- - [-1.3270177127707132]
  - [0.40795276143440456]
  - [-2.739919567109862]
- - [0.20209337165872118]
  - [-0.5071605584448384]
  - [0.15248672460018972]
tvecs:
- - [5.899262046315586]
  - [4.093174476046274]
  - [14.56241838768882]
- - [5.769062694848843]
  - [1.8798206489261453]
  - [18.502014600106307]
- - [-0.8171672194393841]
  - [-3.426533420088611]
  - [16.331514253876925]
- - [-5.132535396996906]
  - [-2.68343454013267]
  - [12.232633733291394]
- - [0.7616621024425072]
  - [-1.5486060868712144]
  - [19.901142687090694]
- - [1.417953946471743]
  - [-3.3511653419909258]
  - [17.136940644552777]
- - [-3.775815155152645]
  - [-2.828816642562539]
  - [13.693718700081803]
- - [8.789391739865078]
  - [3.1255704373640447]
  - [15.147482236931772]
- - [-1.451806283391838]
  - [-2.7608576625236276]
  - [14.525919867936349]
- - [-7.99761180049826]
  - [-1.8180255980725755]
  - [17.436161218520372]
- - [9.53497671772342]
  - [2.1241652206588255]
  - [16.515672562721402]
- - [-4.115553987930195]
  - [-1.7438546453341364]
  - [18.91681784123026]
- - [-1.3238342644805103]
  - [-1.570751822664951]
  - [19.30757281086048]
- - [7.64603481205336]
  - [3.040046575596521]
  - [15.59246912109701]
- - [-3.0109836087088624]
  - [-3.048296365380799]
  - [14.541014392476784]
